25
09 01 07 09 37 05 01 05 05 07 09 05 05 01 05 05 07 09 01 07 09 05 05 01 03
10 10 09 06 09 03 12 05 05 03 10 11 09 06 09 03 09 06 10 09 06 11 09 06 10
10 12 06 13 06 08 05 01 03 12 06 10 12 05 06 12 06 11 10 12 05 02 12 03 10
12 03 09 05 03 12 03 10 10 09 05 00 05 03 09 05 03 10 12 03 09 06 09 06 14
11 12 06 09 06 09 06 10 10 08 07 12 03 10 10 11 12 02 11 12 06 11 12 05 03
08 03 09 06 11 10 09 06 10 10 09 05 06 12 06 08 07 10 12 01 05 04 05 07 10
10 14 10 09 04 06 12 03 10 14 12 03 09 05 03 10 09 04 05 06 09 05 05 05 02
08 05 06 10 09 05 05 06 12 05 05 06 12 03 10 10 10 09 05 05 06 09 05 05 06
12 03 09 06 10 13 01 07 09 05 01 05 05 06 12 06 10 12 03 13 01 06 09 05 03
11 10 12 03 12 03 08 03 10 11 12 05 03 09 05 05 04 07 12 03 12 05 06 11 10
10 10 09 06 11 10 14 10 10 12 05 03 12 06 11 09 05 05 05 06 11 09 01 06 10
10 10 12 05 02 12 03 12 04 03 09 04 05 03 10 12 03 11 09 05 04 06 12 05 06
08 06 13 05 06 09 06 09 03 12 06 09 05 04 04 07 10 10 10 13 05 01 05 05 03
10 09 05 05 03 12 05 02 12 05 03 10 09 03 09 05 06 10 12 05 05 06 09 05 06
12 06 09 07 10 09 03 12 05 07 10 10 10 14 12 03 11 08 01 05 07 09 06 09 07
09 03 08 03 12 06 10 09 03 09 06 10 12 05 03 10 12 06 12 01 03 12 03 12 03
10 14 10 12 03 09 06 10 12 06 13 04 05 01 06 10 09 05 03 14 08 03 10 09 02
10 09 06 11 10 10 11 08 05 03 09 03 13 06 09 06 10 09 06 09 06 10 10 10 10
10 10 09 02 12 06 08 04 07 12 06 10 09 03 12 05 06 10 09 06 13 06 10 10 10
08 06 10 08 07 09 06 09 05 05 03 08 06 12 05 03 09 06 12 03 09 03 12 06 10
12 03 10 14 09 06 09 06 09 03 10 12 05 01 07 10 12 03 09 06 10 12 01 07 10
09 06 08 05 06 09 06 09 06 10 10 13 05 02 09 06 09 06 08 05 06 11 12 03 10
12 03 12 05 03 10 09 04 07 10 12 05 03 14 12 03 12 03 12 03 09 00 03 10 10
09 06 13 05 06 12 06 09 05 06 09 03 12 05 05 06 09 06 09 06 14 10 10 12 06
12 05 05 05 05 05 05 06 29 05 06 12 05 05 05 05 06 13 04 05 05 06 12 05 07
